0.21610346266166042
0.28382700597969684
0.3070504797663746
0.31219580030593796
0.3582255597274371
0.3605896259212905
0.3717146433041302
0.42692254206647196
0.43137254901960786
0.44430538172715894
0.44639132248644137
0.44569600890001393
0.45111945487414823
0.45056320400500627
0.458628841607565
0.48324294256709777
0.46057571964956195
0.4646085384508413
0.4739257405089696
0.4810179390905298
0.4803226255041024
0.47768043387567793
0.48226950354609927
0.4863023223473787
0.4889445139758031
0.4970101515783618
0.4918648310387985
0.5130023640661938
0.5124461131970519
0.5367820887220136
0.5513836740369907
0.5438742873035739
0.5513836740369907
0.5648727576136837
0.5512446113197051
0.5677930746766792
0.5675149492421082
0.5855931024892227
0.5867056042275066
0.58906967042136
0.5931024892226394
0.6007509386733417
0.6021415658461966
0.5861493533583646
0.6054790710610485
0.6085384508413294
0.6113197051870394
0.6077040745376164
0.6117368933388958
0.6136837713808928
0.5957446808510638
0.6154915867056042
0.6156306494228897
0.6160478375747462
0.6172994020303156
0.6128493950771798
0.6184119037685997
0.6191072173550272
0.621054095397024
0.6214712835488806
0.6209150326797386
0.6216103462661661
0.6228619107217355
0.6236962870254484
0.6225837852871645
0.6223056598525936
0.624947851481018
0.6250869141983034
0.6243916006118759
0.6256431650674454
0.6207759699624531
0.6270337922403004
0.62550410235016
0.6263384786538729
0.6135447086636073
0.6280072312612989
0.6275900431094423
0.6274509803921569
0.622444722569879
0.6274509803921569
0.6287025448477264
0.6285634821304408
0.6097900152968989
0.6280072312612989
0.6296759838687248
0.6271728549575859
0.6298150465860103
0.6295369211514393
0.6291197329995828
0.6300931720205812
0.6302322347378668
0.6303712974551523
0.6305103601724378
0.6306494228897233
0.6305103601724378
0.6305103601724378
0.6306494228897233
0.6309275483242942
0.6309275483242942
0.6310666110415798
